""	"PC1"	"PC2"	"PC3"	"PC4"	"PC5"	"PC6"	"PC7"	"PC8"	"PC9"	"PC10"	"PC11"	"PC12"	"PC13"	"PC14"	"PC15"	"PC16"	"PC17"	"PC18"	"PC19"	"PC20"	"PC21"	"PC22"	"PC23"	"PC24"
"Lym_0d_1"	-49.7834043930945	2.22582897720589	-37.7997477566368	30.3148094368575	-8.65643399951908	15.661137915748	-1.30261456576423	4.56711443916117	-8.75890269145789	12.7221090077869	-18.7036143452442	12.9847235110888	-19.1327582459075	6.09246434931876	-20.3712275599636	17.1944577218241	-13.9548380141121	4.98212833008581	8.4425723584212	-4.29647434989338	4.75073225035386	-19.2286562732222	-6.84669639887345	3.71890018779908e-14
"Lym_0d_2"	-53.5454130759869	-11.5884991820375	-31.85983539281	11.0216719945401	-27.5461399919778	17.4225847127906	3.43391561640747	14.1785020281118	-2.0461910059697	-11.1070409412839	-2.0262691332365	-21.0494833737666	-4.4917392318943	7.66628270378576	12.4431934065858	14.7073664764355	8.74558219004899	-2.16974214261073	4.01073203241684	7.55713825892116	3.1497156503242	31.0422090799839	6.4942946838918	2.21931847899093e-14
"Lym_0d_3"	-42.0789529141493	-4.96023308031958	-36.090937417272	-9.78536294624026	18.7412255606145	-2.07285875521895	-11.5884537537975	21.0508511422352	3.12792332210421	-6.92738147945064	10.4333891977424	10.8923571958227	16.4378162960655	3.04288909500502	10.0874850635336	-12.7747190403313	15.3998614980643	-2.46867628188407	1.99983455378509	20.2241558247248	23.5162969397365	-15.891221996466	-6.01992485302513	2.77243505930613e-14
"Lym_1d_1"	-46.58364104081	5.2601803864216	-12.9382701920241	21.7660926824554	3.24830764640495	0.54599728394424	-15.3273854243041	-24.1489237114906	23.1032859059273	19.2852958840839	3.61930577987597	1.61908312359966	-11.9767733853567	9.67026982685998	3.56922998454448	-20.0260874868745	-4.38998979131342	-0.291646531746176	-30.1966293356762	-5.69980995813226	6.2948293604291	6.09864537566901	13.1134577116637	-5.7669147235373e-14
"Lym_1d_2"	-57.2060809014094	-10.0078877620282	2.49549606234501	18.8687803789245	-26.9611860417205	-15.6464491362676	12.9273536090743	-5.77584882156144	8.57452599201299	-7.95493689056979	11.9759803604303	7.38593516907393	-4.97534201802701	-27.0431127894418	-10.8437729987335	-13.7693492244435	1.89564449847537	-15.1767465453372	-0.81940534959047	14.4172742550454	-19.1718250405825	0.299568016132534	-17.494327253058	1.30936927966729e-14
"Lym_1d_3"	-41.3629757876694	4.74551874496964	-32.8611000832215	-12.5687810269639	14.474256520784	-4.79243826001167	-11.5949870871252	13.5641225769288	14.8102532179094	1.7568588315025	3.77582851059077	3.6483596877434	18.1689530465825	-7.93056689545454	5.92486850309232	9.01060687161447	8.90077018223389	9.88497021042802	2.45229629533838	-23.7312125230651	-30.9964932764411	-4.7671090510689	7.80598156434617	2.85986512249536e-14
"Lym_4d_1"	-27.8796961892183	43.2587187327693	22.0448772698205	-28.7076102158819	12.4282777637291	3.26811379080674	33.2086007972554	-15.0766838189552	26.0463196366317	17.3650094325776	-9.12992137272351	7.99978721753796	5.43049210292899	-7.42629576594914	-3.07130139173902	23.9147398821357	9.59516502698207	-6.83313822044388	2.22647603792693	9.23665465784403	8.95151510898856	3.02651943980196	4.253797713968	1.37771738462078e-14
"Lym_4d_2"	-27.9058285698052	39.2400497581111	-3.01047065517254	-34.1049554390184	2.243842678084	17.5420618077127	0.365982315428466	-17.4667451261291	-7.23269674144716	2.2948847539531	19.0946116139564	1.33968627435792	-4.93813833553408	11.6894268827835	-1.25391224012351	-23.4356217205027	-15.1141289254554	7.86326822325855	30.0383088532617	-1.34065127037548	-3.74091888301427	8.25134263927331	-1.37713153246367	2.69749500514394e-14
"Lym_4d_3"	-33.2825974061894	12.4384148591305	9.0071467337906	-62.7676944911615	-20.3097953427028	-0.421414069830552	9.02513953557188	16.203983155257	-14.2458259342294	-19.6894194663609	2.45775067356244	-8.38556887419194	-6.84843108284299	-0.312350823446109	-7.92282261818164	0.420086391933229	-10.2206090345154	-1.2699383816528	-26.520249307232	-11.4752629282964	5.73091272472749	-9.5630827518308	0.197598399661255	1.80591219062221e-14
"Lym_7d_1"	-38.4924119288045	15.0374890578449	21.9111866232624	13.2154572667754	32.8180904789482	17.8477043742455	-20.2683820148106	-17.0609349631888	-18.3577122491852	-17.6981546787256	-20.9012035443551	-7.3497576387238	12.8406426782985	-4.55113205814756	13.2516404284942	5.18692761453431	-12.9540262098892	-20.8801422556972	-5.49669905545783	1.07357077560871	-5.82577954441084	1.21175182114754	-10.8335907758674	-1.38968697660502e-14
"Lym_7d_2"	-54.1467741920763	-3.34975808809689	45.0851645592017	27.8970001009893	-1.144472577591	-24.8876685128481	13.3112146832686	-0.927746734018908	-11.7017442197614	-19.4720603339532	0.704540391059321	9.5514853741737	-1.94516254824794	19.6840593470245	8.83882349199065	2.79464467932404	-0.260049516604236	14.1616407534831	4.43886789392517	9.9074522115856	-6.75671682735921	-10.6358235816843	22.9002993539655	-6.46357967148958e-14
"Lym_7d_3"	-53.5547104995166	0.580279745538046	45.3294195429845	17.7644440723557	8.56435788279781	-18.9084725605133	-10.4531478629798	15.4312899511719	-15.359016250084	23.4940662111023	5.96851410980125	-14.9146292275443	4.443893985323	-9.76247603749028	-11.7276794255793	-2.2024400773695	11.383762822832	10.0151637898826	5.20068237658899	-17.2986935235895	15.4134696470375	10.7355901426478	-11.4778029036618	-2.4681645616198e-14
"Ton_0d_1"	37.6068584775676	-22.1518835647821	-11.011191879416	-14.0205234653223	9.25244452307869	2.26714228508316	19.5486332633003	4.70145729163865	-31.5189496048873	17.0817246127545	-20.4980807678419	28.3058784026894	-11.226591526634	-13.2977456155718	16.788309394054	-12.6702795039169	7.94858294170028	6.47252029558767	-6.4362459227662	0.121172101568868	-4.78712652800138	12.2098799161948	1.49077108875863	-3.82679998800484e-15
"Ton_0d_2"	26.1894903084665	-37.5558971218913	0.870425343047014	14.9321008578209	-15.8763774642029	24.7662605600854	33.6770157734773	-15.5934190704619	-1.09422081879388	9.71437316956247	-2.64894148588609	-25.3052530603679	23.9015945386665	2.48613364344928	7.43804476908939	-11.5547574737962	4.03545525343392	4.23400593843153	0.4419683530532	-8.28095998263318	1.26873805560934	-18.8576768502471	-2.08625861336763	-2.42722508758675e-14
"Ton_0d_3"	46.6719529173718	-24.8651043933659	-17.2840097560483	6.12462445061878	36.5553264972154	-0.529798328415051	15.965525239393	5.31699689180017	-10.8262600197162	-1.91532352642452	14.7208820846039	-4.53990863144534	9.15306492106303	14.4344230416076	-35.9536222256796	1.14129450814912	-2.69289200450672	-8.68594779399582	-8.1490448848845	8.24784017382236	-7.63139386827363	11.4116920396019	7.21325639755736	3.07046055247895e-15
"Ton_1d_1"	36.3439251496969	-22.8780861023146	-1.47009847940481	-5.7372462130745	19.7594427154873	-12.6528347202986	5.7662366599409	-7.83107177504502	7.7032225111202	-9.41979857208961	9.38749825323883	-10.0403153906162	-37.3550876299518	13.1359476230788	12.0485170000277	5.14279149949327	17.9758923978151	-17.0566559174986	8.72411711735679	-14.7083449345856	-0.186469842896525	-8.29038425835316	-10.2418650846327	3.58211724171831e-14
"Ton_1d_2"	33.612399667469	-28.0541985297857	-16.5747443046829	-3.52435861858739	-12.4357653472644	-24.564180720279	-8.44935962440214	-12.8912930033047	-0.23763612606809	-7.97401999301211	-3.82921469496111	5.63739917624633	9.90194198804971	-20.4400624540911	-2.56021896504027	1.2784194676168	-14.6177954608108	-18.0776259349712	16.1809440015473	-13.2897015333687	18.2803297439726	2.19267562542539	22.1318161192059	3.13915560212763e-14
"Ton_1d_3"	22.9531846804998	-44.3273285259986	-7.79188595360632	-19.5681840985934	9.59884956372529	-20.2634475113256	-8.46644127387522	-15.0784482956968	9.44476898918171	3.15024916792673	3.63000602380734	-11.5924706766643	-2.05562550651737	-6.27588735876697	8.98357458172252	15.6427933784843	-22.0863405572723	28.5179857489053	-3.3770681671373	15.7138955895583	0.29493690305513	2.89031641216195	-14.4041067809602	-1.5820894941343e-14
"Ton_4d_1"	79.3590104417025	69.3193984117588	-13.4409450683919	29.0184371280555	7.48840927053081	-15.9704619896838	14.9934089598539	27.8695997070929	12.7492479413719	-6.38729993239926	-13.2016624006998	-17.0792635243704	-4.90485140713452	-7.04034863393583	6.76587111976669	-12.2258279512877	-14.043352916607	4.23271933396605	0.134186552969664	1.32244984723129	0.651989284850069	-0.0728264320388616	-1.06735299460266	-1.24233956455555e-13
"Ton_4d_2"	75.6070720908287	49.372661479255	-9.01438365864164	18.3323481746729	-19.0263980592136	3.02082145018519	-13.0402185597161	-16.3785018690096	-24.6724977540328	6.02751581836961	33.817726082595	6.393505368692	4.4861370186828	-5.00783368823553	7.09296588978446	19.1000360603774	9.02700309833294	1.01731905204163	-9.46071381319921	2.33542197886585	0.194984328195689	-5.03997095648163	-0.315955189570874	-7.2180976473657e-14
"Ton_4d_3"	44.8865419195805	13.7914288063172	-3.23349387908796	-20.2579118967832	-26.0396388279305	-23.2390879333066	-22.705677071537	-13.8467422770068	-0.316064741807158	2.80082925075439	-32.1700164852465	-2.57587679862607	11.4139983251944	24.3068123104803	-12.8920390491136	-6.14620608645648	17.9382904107604	-0.920082335947179	2.16419088691753	6.12210508695955	-6.97967473346774	1.5504368879679	-7.65649702935555	8.57647286522933e-15
"Ton_7d_1"	44.2539951725618	-6.91440135162021	22.8330856595968	2.08659308912069	5.05289123621771	33.6694467420881	-19.4195825045834	-4.17621260610766	12.3596321310215	-25.4452302071872	-6.9614928333955	-0.425086618406661	-12.8985314487375	-22.6120970980339	-16.3300550188506	-5.06957458207426	17.4565948575523	19.3208994063529	1.88010037291982	3.75477645015223	2.90693927311504	-1.81588741592724	9.7602542424052	2.95336671785051e-14
"Ton_7d_2"	44.9280197879094	-16.8354457724956	27.9703424197999	13.4590996613483	-12.4250191690734	13.1147384084924	2.66506730206625	13.9379456775889	22.0230328035678	-13.0743614017372	6.30719728916092	33.2226744057144	13.0488307613713	17.7614378533633	3.64609940225765	3.13327000110888	-10.1022444343658	0.204598202388338	-2.35636298454123	-14.6300314717814	5.65214879117681	11.7166106787348	-16.6822103606106	2.16979212375179e-14
"Ton_7d_3"	33.4100362850755	-21.7812454845861	36.8339702625685	-13.7588308829082	-9.80449551642157	14.8231031668168	-22.2718440121426	29.4307092109901	6.42550570659162	31.37211128282	4.17718669316529	-5.7232610920166	-6.47833329544051	1.7297625418078	6.04802845806093	1.20742859402188	-9.86633831277905	-17.0768769430266	4.47714113405622	14.7172352638329	-10.9811395171245	-8.47459850742255	11.1421924946261	8.69443406159576e-14
